1,0,0,800
1,0,0,900
1,0,0,1000
1,0,0,1100
1,0,0,1200
1,0,0,1300
1,0,0,1400
1,0,0,1500
1,0,1,800
1,0,1,900
1,0,1,1000
1,0,1,1100
1,0,1,1200
1,0,1,1300
1,0,1,1400
1,0,1,1500
1,0,2,800
1,0,2,900
1,0,2,1000
1,0,2,1100
1,0,2,1200
1,0,2,1300
1,0,2,1400
1,0,2,1500
1,0,3,800
1,0,3,900
1,0,3,1000
1,0,3,1100
1,0,3,1200
1,0,3,1300
1,0,3,1400
1,0,3,1500
1,0,4,800
1,0,4,900
1,0,4,1000
1,0,4,1100
1,0,4,1200
1,0,4,1300
1,0,4,1400
1,0,4,1500
1,0,5,800
1,0,5,900
1,0,5,1000
1,0,5,1100
1,0,5,1200
1,0,5,1300
1,0,5,1400
1,0,5,1500
1,1,0,800
1,1,0,900
1,1,0,1000
1,1,0,1100
1,1,0,1200
1,1,0,1300
1,1,0,1400
1,1,0,1500
1,1,1,800
1,1,1,900
1,1,1,1000
1,1,1,1100
1,1,1,1200
1,1,1,1300
1,1,1,1400
1,1,1,1500
1,1,2,800
1,1,2,900
1,1,2,1000
1,1,2,1100
1,1,2,1200
1,1,2,1300
1,1,2,1400
1,1,2,1500
1,1,3,800
1,1,3,900
1,1,3,1000
1,1,3,1100
1,1,3,1200
1,1,3,1300
1,1,3,1400
1,1,3,1500
1,1,4,800
1,1,4,900
1,1,4,1000
1,1,4,1100
1,1,4,1200
1,1,4,1300
1,1,4,1400
1,1,4,1500
1,1,5,800
1,1,5,900
1,1,5,1000
1,1,5,1100
1,1,5,1200
1,1,5,1300
1,1,5,1400
1,1,5,1500
1,2,0,800
1,2,0,900
1,2,0,1000
1,2,0,1100
1,2,0,1200
1,2,0,1300
1,2,0,1400
1,2,0,1500
1,2,1,800
1,2,1,900
1,2,1,1000
1,2,1,1100
1,2,1,1200
1,2,1,1300
1,2,1,1400
1,2,1,1500
1,2,2,800
1,2,2,900
1,2,2,1000
1,2,2,1100
1,2,2,1200
1,2,2,1300
1,2,2,1400
1,2,2,1500
1,2,3,800
1,2,3,900
1,2,3,1000
1,2,3,1100
1,2,3,1200
1,2,3,1300
1,2,3,1400
1,2,3,1500
1,2,4,800
1,2,4,900
1,2,4,1000
1,2,4,1100
1,2,4,1200
1,2,4,1300
1,2,4,1400
1,2,4,1500
1,2,5,800
1,2,5,900
1,2,5,1000
1,2,5,1100
1,2,5,1200
1,2,5,1300
1,2,5,1400
1,2,5,1500
1,3,0,800
1,3,0,900
1,3,0,1000
1,3,0,1100
1,3,0,1200
1,3,0,1300
1,3,0,1400
1,3,0,1500
1,3,1,800
1,3,1,900
1,3,1,1000
1,3,1,1100
1,3,1,1200
1,3,1,1300
1,3,1,1400
1,3,1,1500
1,3,2,800
1,3,2,900
1,3,2,1000
1,3,2,1100
1,3,2,1200
1,3,2,1300
1,3,2,1400
1,3,2,1500
1,3,3,800
1,3,3,900
1,3,3,1000
1,3,3,1100
1,3,3,1200
1,3,3,1300
1,3,3,1400
1,3,3,1500
1,3,4,800
1,3,4,900
1,3,4,1000
1,3,4,1100
1,3,4,1200
1,3,4,1300
1,3,4,1400
1,3,4,1500
1,3,5,800
1,3,5,900
1,3,5,1000
1,3,5,1100
1,3,5,1200
1,3,5,1300
1,3,5,1400
1,3,5,1500
1,4,0,800
1,4,0,900
1,4,0,1000
1,4,0,1100
1,4,0,1200
1,4,0,1300
1,4,0,1400
1,4,0,1500
1,4,1,800
1,4,1,900
1,4,1,1000
1,4,1,1100
1,4,1,1200
1,4,1,1300
1,4,1,1400
1,4,1,1500
1,4,2,800
1,4,2,900
1,4,2,1000
1,4,2,1100
1,4,2,1200
1,4,2,1300
1,4,2,1400
1,4,2,1500
1,4,3,800
1,4,3,900
1,4,3,1000
1,4,3,1100
1,4,3,1200
1,4,3,1300
1,4,3,1400
1,4,3,1500
1,4,4,800
1,4,4,900
1,4,4,1000
1,4,4,1100
1,4,4,1200
1,4,4,1300
1,4,4,1400
1,4,4,1500
1,4,5,800
1,4,5,900
1,4,5,1000
1,4,5,1100
1,4,5,1200
1,4,5,1300
1,4,5,1400
1,4,5,1500
1,5,0,800
1,5,0,900
1,5,0,1000
1,5,0,1100
1,5,0,1200
1,5,0,1300
1,5,0,1400
1,5,0,1500
1,5,1,800
1,5,1,900
1,5,1,1000
1,5,1,1100
1,5,1,1200
1,5,1,1300
1,5,1,1400
1,5,1,1500
1,5,2,800
1,5,2,900
1,5,2,1000
1,5,2,1100
1,5,2,1200
1,5,2,1300
1,5,2,1400
1,5,2,1500
1,5,3,800
1,5,3,900
1,5,3,1000
1,5,3,1100
1,5,3,1200
1,5,3,1300
1,5,3,1400
1,5,3,1500
1,5,4,800
1,5,4,900
1,5,4,1000
1,5,4,1100
1,5,4,1200
1,5,4,1300
1,5,4,1400
1,5,4,1500
1,5,5,800
1,5,5,900
1,5,5,1000
1,5,5,1100
1,5,5,1200
1,5,5,1300
1,5,5,1400
1,5,5,1500
