1,90,1,0.05,1,0,0
1,90,1,.10,1,0,0
1,90,1,.15,1,0,0
1,90,1,.20,1,0,0
1,90,1,.25,1,0,0
1,90,2,0.05,1,0,0
1,90,2,.10,1,0,0
1,90,2,.15,1,0,0
1,90,2,.20,1,0,0
1,90,2,.25,1,0,0
1,90,3,0.05,1,0,0
1,90,3,.10,1,0,0
1,90,3,.15,1,0,0
1,90,3,.20,1,0,0
1,90,3,.25,1,0,0
1,90,4,0.05,1,0,0
1,90,4,.10,1,0,0
1,90,4,.15,1,0,0
1,90,4,.20,1,0,0
1,90,4,.25,1,0,0
1,90,5,0.05,1,0,0
1,90,5,.10,1,0,0
1,90,5,.15,1,0,0
1,90,5,.20,1,0,0
1,90,5,.25,1,0,0
1,90,1,0.05,2,0,0
1,90,1,.10,2,0,0
1,90,1,.15,2,0,0
1,90,1,.20,2,0,0
1,90,1,.25,2,0,0
1,90,2,0.05,2,0,0
1,90,2,.10,2,0,0
1,90,2,.15,2,0,0
1,90,2,.20,2,0,0
1,90,2,.25,2,0,0
1,90,3,0.05,2,0,0
1,90,3,.10,2,0,0
1,90,3,.15,2,0,0
1,90,3,.20,2,0,0
1,90,3,.25,2,0,0
1,90,4,0.05,2,0,0
1,90,4,.10,2,0,0
1,90,4,.15,2,0,0
1,90,4,.20,2,0,0
1,90,4,.25,2,0,0
1,90,5,0.05,2,0,0
1,90,5,.10,2,0,0
1,90,5,.15,2,0,0
1,90,5,.20,2,0,0
1,90,5,.25,2,0,0
1,90,1,0.05,3,0,0
1,90,1,.10,3,0,0
1,90,1,.15,3,0,0
1,90,1,.20,3,0,0
1,90,1,.25,3,0,0
1,90,2,0.05,3,0,0
1,90,2,.10,3,0,0
1,90,2,.15,3,0,0
1,90,2,.20,3,0,0
1,90,2,.25,3,0,0
1,90,3,0.05,3,0,0
1,90,3,.10,3,0,0
1,90,3,.15,3,0,0
1,90,3,.20,3,0,0
1,90,3,.25,3,0,0
1,90,4,0.05,3,0,0
1,90,4,.10,3,0,0
1,90,4,.15,3,0,0
1,90,4,.20,3,0,0
1,90,4,.25,3,0,0
1,90,5,0.05,3,0,0
1,90,5,.10,3,0,0
1,90,5,.15,3,0,0
1,90,5,.20,3,0,0
1,90,5,.25,3,0,0
1,90,1,0.05,4,0,0
1,90,1,.10,4,0,0
1,90,1,.15,4,0,0
1,90,1,.20,4,0,0
1,90,1,.25,4,0,0
1,90,2,0.05,4,0,0
1,90,2,.10,4,0,0
1,90,2,.15,4,0,0
1,90,2,.20,4,0,0
1,90,2,.25,4,0,0
1,90,3,0.05,4,0,0
1,90,3,.10,4,0,0
1,90,3,.15,4,0,0
1,90,3,.20,4,0,0
1,90,3,.25,4,0,0
1,90,4,0.05,4,0,0
1,90,4,.10,4,0,0
1,90,4,.15,4,0,0
1,90,4,.20,4,0,0
1,90,4,.25,4,0,0
1,90,5,0.05,4,0,0
1,90,5,.10,4,0,0
1,90,5,.15,4,0,0
1,90,5,.20,4,0,0
1,90,5,.25,4,0,0
1,90,1,0.05,5,0,0
1,90,1,.10,5,0,0
1,90,1,.15,5,0,0
1,90,1,.20,5,0,0
1,90,1,.25,5,0,0
1,90,2,0.05,5,0,0
1,90,2,.10,5,0,0
1,90,2,.15,5,0,0
1,90,2,.20,5,0,0
1,90,2,.25,5,0,0
1,90,3,0.05,5,0,0
1,90,3,.10,5,0,0
1,90,3,.15,5,0,0
1,90,3,.20,5,0,0
1,90,3,.25,5,0,0
1,90,4,0.05,5,0,0
1,90,4,.10,5,0,0
1,90,4,.15,5,0,0
1,90,4,.20,5,0,0
1,90,4,.25,5,0,0
1,90,5,0.05,5,0,0
1,90,5,.10,5,0,0
1,90,5,.15,5,0,0
1,90,5,.20,5,0,0
1,90,5,.25,5,0,0
1,100,1,0.05,1,0,0
1,100,1,.10,1,0,0
1,100,1,.15,1,0,0
1,100,1,.20,1,0,0
1,100,1,.25,1,0,0
1,100,2,0.05,1,0,0
1,100,2,.10,1,0,0
1,100,2,.15,1,0,0
1,100,2,.20,1,0,0
1,100,2,.25,1,0,0
1,100,3,0.05,1,0,0
1,100,3,.10,1,0,0
1,100,3,.15,1,0,0
1,100,3,.20,1,0,0
1,100,3,.25,1,0,0
1,100,4,0.05,1,0,0
1,100,4,.10,1,0,0
1,100,4,.15,1,0,0
1,100,4,.20,1,0,0
1,100,4,.25,1,0,0
1,100,5,0.05,1,0,0
1,100,5,.10,1,0,0
1,100,5,.15,1,0,0
1,100,5,.20,1,0,0
1,100,5,.25,1,0,0
1,100,1,0.05,2,0,0
1,100,1,.10,2,0,0
1,100,1,.15,2,0,0
1,100,1,.20,2,0,0
1,100,1,.25,2,0,0
1,100,2,0.05,2,0,0
1,100,2,.10,2,0,0
1,100,2,.15,2,0,0
1,100,2,.20,2,0,0
1,100,2,.25,2,0,0
1,100,3,0.05,2,0,0
1,100,3,.10,2,0,0
1,100,3,.15,2,0,0
1,100,3,.20,2,0,0
1,100,3,.25,2,0,0
1,100,4,0.05,2,0,0
1,100,4,.10,2,0,0
1,100,4,.15,2,0,0
1,100,4,.20,2,0,0
1,100,4,.25,2,0,0
1,100,5,0.05,2,0,0
1,100,5,.10,2,0,0
1,100,5,.15,2,0,0
1,100,5,.20,2,0,0
1,100,5,.25,2,0,0
1,100,1,0.05,3,0,0
1,100,1,.10,3,0,0
1,100,1,.15,3,0,0
1,100,1,.20,3,0,0
1,100,1,.25,3,0,0
1,100,2,0.05,3,0,0
1,100,2,.10,3,0,0
1,100,2,.15,3,0,0
1,100,2,.20,3,0,0
1,100,2,.25,3,0,0
1,100,3,0.05,3,0,0
1,100,3,.10,3,0,0
1,100,3,.15,3,0,0
1,100,3,.20,3,0,0
1,100,3,.25,3,0,0
1,100,4,0.05,3,0,0
1,100,4,.10,3,0,0
1,100,4,.15,3,0,0
1,100,4,.20,3,0,0
1,100,4,.25,3,0,0
1,100,5,0.05,3,0,0
1,100,5,.10,3,0,0
1,100,5,.15,3,0,0
1,100,5,.20,3,0,0
1,100,5,.25,3,0,0
1,100,1,0.05,4,0,0
1,100,1,.10,4,0,0
1,100,1,.15,4,0,0
1,100,1,.20,4,0,0
1,100,1,.25,4,0,0
1,100,2,0.05,4,0,0
1,100,2,.10,4,0,0
1,100,2,.15,4,0,0
1,100,2,.20,4,0,0
1,100,2,.25,4,0,0
1,100,3,0.05,4,0,0
1,100,3,.10,4,0,0
1,100,3,.15,4,0,0
1,100,3,.20,4,0,0
1,100,3,.25,4,0,0
1,100,4,0.05,4,0,0
1,100,4,.10,4,0,0
1,100,4,.15,4,0,0
1,100,4,.20,4,0,0
1,100,4,.25,4,0,0
1,100,5,0.05,4,0,0
1,100,5,.10,4,0,0
1,100,5,.15,4,0,0
1,100,5,.20,4,0,0
1,100,5,.25,4,0,0
1,100,1,0.05,5,0,0
1,100,1,.10,5,0,0
1,100,1,.15,5,0,0
1,100,1,.20,5,0,0
1,100,1,.25,5,0,0
1,100,2,0.05,5,0,0
1,100,2,.10,5,0,0
1,100,2,.15,5,0,0
1,100,2,.20,5,0,0
1,100,2,.25,5,0,0
1,100,3,0.05,5,0,0
1,100,3,.10,5,0,0
1,100,3,.15,5,0,0
1,100,3,.20,5,0,0
1,100,3,.25,5,0,0
1,100,4,0.05,5,0,0
1,100,4,.10,5,0,0
1,100,4,.15,5,0,0
1,100,4,.20,5,0,0
1,100,4,.25,5,0,0
1,100,5,0.05,5,0,0
1,100,5,.10,5,0,0
1,100,5,.15,5,0,0
1,100,5,.20,5,0,0
1,100,5,.25,5,0,0
1,10,1,0.05,1,0,0
1,10,1,.10,1,0,0
1,10,1,.15,1,0,0
1,10,1,.20,1,0,0
1,10,1,.25,1,0,0
1,10,2,0.05,1,0,0
1,10,2,.10,1,0,0
1,10,2,.15,1,0,0
1,10,2,.20,1,0,0
1,10,2,.25,1,0,0
1,10,3,0.05,1,0,0
1,10,3,.10,1,0,0
1,10,3,.15,1,0,0
1,10,3,.20,1,0,0
1,10,3,.25,1,0,0
1,10,4,0.05,1,0,0
1,10,4,.10,1,0,0
1,10,4,.15,1,0,0
1,10,4,.20,1,0,0
1,10,4,.25,1,0,0
1,10,5,0.05,1,0,0
1,10,5,.10,1,0,0
1,10,5,.15,1,0,0
1,10,5,.20,1,0,0
1,10,5,.25,1,0,0
1,10,1,0.05,2,0,0
1,10,1,.10,2,0,0
1,10,1,.15,2,0,0
1,10,1,.20,2,0,0
1,10,1,.25,2,0,0
1,10,2,0.05,2,0,0
1,10,2,.10,2,0,0
1,10,2,.15,2,0,0
1,10,2,.20,2,0,0
1,10,2,.25,2,0,0
1,10,3,0.05,2,0,0
1,10,3,.10,2,0,0
1,10,3,.15,2,0,0
1,10,3,.20,2,0,0
1,10,3,.25,2,0,0
