1,40,3,0.05,2,0,0
1,40,3,.10,2,0,0
1,40,3,.15,2,0,0
1,40,3,.20,2,0,0
1,40,3,.25,2,0,0
1,40,4,0.05,2,0,0
1,40,4,.10,2,0,0
1,40,4,.15,2,0,0
1,40,4,.20,2,0,0
1,40,4,.25,2,0,0
1,40,5,0.05,2,0,0
1,40,5,.10,2,0,0
1,40,5,.15,2,0,0
1,40,5,.20,2,0,0
1,40,5,.25,2,0,0
1,40,1,0.05,3,0,0
1,40,1,.10,3,0,0
1,40,1,.15,3,0,0
1,40,1,.20,3,0,0
1,40,1,.25,3,0,0
1,40,2,0.05,3,0,0
1,40,2,.10,3,0,0
1,40,2,.15,3,0,0
1,40,2,.20,3,0,0
1,40,2,.25,3,0,0
1,40,3,0.05,3,0,0
1,40,3,.10,3,0,0
1,40,3,.15,3,0,0
1,40,3,.20,3,0,0
1,40,3,.25,3,0,0
1,40,4,0.05,3,0,0
1,40,4,.10,3,0,0
1,40,4,.15,3,0,0
1,40,4,.20,3,0,0
1,40,4,.25,3,0,0
1,40,5,0.05,3,0,0
1,40,5,.10,3,0,0
1,40,5,.15,3,0,0
1,40,5,.20,3,0,0
1,40,5,.25,3,0,0
1,40,1,0.05,4,0,0
1,40,1,.10,4,0,0
1,40,1,.15,4,0,0
1,40,1,.20,4,0,0
1,40,1,.25,4,0,0
1,40,2,0.05,4,0,0
1,40,2,.10,4,0,0
1,40,2,.15,4,0,0
1,40,2,.20,4,0,0
1,40,2,.25,4,0,0
1,40,3,0.05,4,0,0
1,40,3,.10,4,0,0
1,40,3,.15,4,0,0
1,40,3,.20,4,0,0
1,40,3,.25,4,0,0
1,40,4,0.05,4,0,0
1,40,4,.10,4,0,0
1,40,4,.15,4,0,0
1,40,4,.20,4,0,0
1,40,4,.25,4,0,0
1,40,5,0.05,4,0,0
1,40,5,.10,4,0,0
1,40,5,.15,4,0,0
1,40,5,.20,4,0,0
1,40,5,.25,4,0,0
1,40,1,0.05,5,0,0
1,40,1,.10,5,0,0
1,40,1,.15,5,0,0
1,40,1,.20,5,0,0
1,40,1,.25,5,0,0
1,40,2,0.05,5,0,0
1,40,2,.10,5,0,0
1,40,2,.15,5,0,0
1,40,2,.20,5,0,0
1,40,2,.25,5,0,0
1,40,3,0.05,5,0,0
1,40,3,.10,5,0,0
1,40,3,.15,5,0,0
1,40,3,.20,5,0,0
1,40,3,.25,5,0,0
1,40,4,0.05,5,0,0
1,40,4,.10,5,0,0
1,40,4,.15,5,0,0
1,40,4,.20,5,0,0
1,40,4,.25,5,0,0
1,40,5,0.05,5,0,0
1,40,5,.10,5,0,0
1,40,5,.15,5,0,0
1,40,5,.20,5,0,0
1,40,5,.25,5,0,0
1,50,1,0.05,1,0,0
1,50,1,.10,1,0,0
1,50,1,.15,1,0,0
1,50,1,.20,1,0,0
1,50,1,.25,1,0,0
1,50,2,0.05,1,0,0
1,50,2,.10,1,0,0
1,50,2,.15,1,0,0
1,50,2,.20,1,0,0
1,50,2,.25,1,0,0
1,50,3,0.05,1,0,0
1,50,3,.10,1,0,0
1,50,3,.15,1,0,0
1,50,3,.20,1,0,0
1,50,3,.25,1,0,0
1,50,4,0.05,1,0,0
1,50,4,.10,1,0,0
1,50,4,.15,1,0,0
1,50,4,.20,1,0,0
1,50,4,.25,1,0,0
1,50,5,0.05,1,0,0
1,50,5,.10,1,0,0
1,50,5,.15,1,0,0
1,50,5,.20,1,0,0
1,50,5,.25,1,0,0
1,50,1,0.05,2,0,0
1,50,1,.10,2,0,0
1,50,1,.15,2,0,0
1,50,1,.20,2,0,0
1,50,1,.25,2,0,0
1,50,2,0.05,2,0,0
1,50,2,.10,2,0,0
1,50,2,.15,2,0,0
1,50,2,.20,2,0,0
1,50,2,.25,2,0,0
1,50,3,0.05,2,0,0
1,50,3,.10,2,0,0
1,50,3,.15,2,0,0
1,50,3,.20,2,0,0
1,50,3,.25,2,0,0
1,50,4,0.05,2,0,0
1,50,4,.10,2,0,0
1,50,4,.15,2,0,0
1,50,4,.20,2,0,0
1,50,4,.25,2,0,0
1,50,5,0.05,2,0,0
1,50,5,.10,2,0,0
1,50,5,.15,2,0,0
1,50,5,.20,2,0,0
1,50,5,.25,2,0,0
1,50,1,0.05,3,0,0
1,50,1,.10,3,0,0
1,50,1,.15,3,0,0
1,50,1,.20,3,0,0
1,50,1,.25,3,0,0
1,50,2,0.05,3,0,0
1,50,2,.10,3,0,0
1,50,2,.15,3,0,0
1,50,2,.20,3,0,0
1,50,2,.25,3,0,0
1,50,3,0.05,3,0,0
1,50,3,.10,3,0,0
1,50,3,.15,3,0,0
1,50,3,.20,3,0,0
1,50,3,.25,3,0,0
1,50,4,0.05,3,0,0
1,50,4,.10,3,0,0
1,50,4,.15,3,0,0
1,50,4,.20,3,0,0
1,50,4,.25,3,0,0
1,50,5,0.05,3,0,0
1,50,5,.10,3,0,0
1,50,5,.15,3,0,0
1,50,5,.20,3,0,0
1,50,5,.25,3,0,0
1,50,1,0.05,4,0,0
1,50,1,.10,4,0,0
1,50,1,.15,4,0,0
1,50,1,.20,4,0,0
1,50,1,.25,4,0,0
1,50,2,0.05,4,0,0
1,50,2,.10,4,0,0
1,50,2,.15,4,0,0
1,50,2,.20,4,0,0
1,50,2,.25,4,0,0
1,50,3,0.05,4,0,0
1,50,3,.10,4,0,0
1,50,3,.15,4,0,0
1,50,3,.20,4,0,0
1,50,3,.25,4,0,0
1,50,4,0.05,4,0,0
1,50,4,.10,4,0,0
1,50,4,.15,4,0,0
1,50,4,.20,4,0,0
1,50,4,.25,4,0,0
1,50,5,0.05,4,0,0
1,50,5,.10,4,0,0
1,50,5,.15,4,0,0
1,50,5,.20,4,0,0
1,50,5,.25,4,0,0
1,50,1,0.05,5,0,0
1,50,1,.10,5,0,0
1,50,1,.15,5,0,0
1,50,1,.20,5,0,0
1,50,1,.25,5,0,0
1,50,2,0.05,5,0,0
1,50,2,.10,5,0,0
1,50,2,.15,5,0,0
1,50,2,.20,5,0,0
1,50,2,.25,5,0,0
1,50,3,0.05,5,0,0
1,50,3,.10,5,0,0
1,50,3,.15,5,0,0
1,50,3,.20,5,0,0
1,50,3,.25,5,0,0
1,50,4,0.05,5,0,0
1,50,4,.10,5,0,0
1,50,4,.15,5,0,0
1,50,4,.20,5,0,0
1,50,4,.25,5,0,0
1,50,5,0.05,5,0,0
1,50,5,.10,5,0,0
1,50,5,.15,5,0,0
1,50,5,.20,5,0,0
1,50,5,.25,5,0,0
1,60,1,0.05,1,0,0
1,60,1,.10,1,0,0
1,60,1,.15,1,0,0
1,60,1,.20,1,0,0
1,60,1,.25,1,0,0
1,60,2,0.05,1,0,0
1,60,2,.10,1,0,0
1,60,2,.15,1,0,0
1,60,2,.20,1,0,0
1,60,2,.25,1,0,0
1,60,3,0.05,1,0,0
1,60,3,.10,1,0,0
1,60,3,.15,1,0,0
1,60,3,.20,1,0,0
1,60,3,.25,1,0,0
1,60,4,0.05,1,0,0
1,60,4,.10,1,0,0
1,60,4,.15,1,0,0
1,60,4,.20,1,0,0
1,60,4,.25,1,0,0
1,60,5,0.05,1,0,0
1,60,5,.10,1,0,0
1,60,5,.15,1,0,0
1,60,5,.20,1,0,0
1,60,5,.25,1,0,0
1,60,1,0.05,2,0,0
1,60,1,.10,2,0,0
1,60,1,.15,2,0,0
1,60,1,.20,2,0,0
1,60,1,.25,2,0,0
1,60,2,0.05,2,0,0
1,60,2,.10,2,0,0
1,60,2,.15,2,0,0
1,60,2,.20,2,0,0
1,60,2,.25,2,0,0
1,60,3,0.05,2,0,0
1,60,3,.10,2,0,0
1,60,3,.15,2,0,0
1,60,3,.20,2,0,0
1,60,3,.25,2,0,0
1,60,4,0.05,2,0,0
1,60,4,.10,2,0,0
1,60,4,.15,2,0,0
1,60,4,.20,2,0,0
1,60,4,.25,2,0,0
1,60,5,0.05,2,0,0
1,60,5,.10,2,0,0
1,60,5,.15,2,0,0
1,60,5,.20,2,0,0
1,60,5,.25,2,0,0
1,60,1,0.05,3,0,0
1,60,1,.10,3,0,0
1,60,1,.15,3,0,0
1,60,1,.20,3,0,0
1,60,1,.25,3,0,0
1,60,2,0.05,3,0,0
1,60,2,.10,3,0,0
1,60,2,.15,3,0,0
1,60,2,.20,3,0,0
1,60,2,.25,3,0,0
1,60,3,0.05,3,0,0
1,60,3,.10,3,0,0
1,60,3,.15,3,0,0
1,60,3,.20,3,0,0
1,60,3,.25,3,0,0
1,60,4,0.05,3,0,0
1,60,4,.10,3,0,0
1,60,4,.15,3,0,0
1,60,4,.20,3,0,0
1,60,4,.25,3,0,0
1,60,5,0.05,3,0,0
1,60,5,.10,3,0,0
1,60,5,.15,3,0,0
1,60,5,.20,3,0,0
1,60,5,.25,3,0,0
1,60,1,0.05,4,0,0
1,60,1,.10,4,0,0
1,60,1,.15,4,0,0
1,60,1,.20,4,0,0
1,60,1,.25,4,0,0
1,60,2,0.05,4,0,0
1,60,2,.10,4,0,0
1,60,2,.15,4,0,0
1,60,2,.20,4,0,0
1,60,2,.25,4,0,0
1,60,3,0.05,4,0,0
1,60,3,.10,4,0,0
1,60,3,.15,4,0,0
1,60,3,.20,4,0,0
1,60,3,.25,4,0,0
1,60,4,0.05,4,0,0
1,60,4,.10,4,0,0
1,60,4,.15,4,0,0
1,60,4,.20,4,0,0
1,60,4,.25,4,0,0
1,60,5,0.05,4,0,0
1,60,5,.10,4,0,0
1,60,5,.15,4,0,0
1,60,5,.20,4,0,0
1,60,5,.25,4,0,0
1,60,1,0.05,5,0,0
1,60,1,.10,5,0,0
1,60,1,.15,5,0,0
1,60,1,.20,5,0,0
1,60,1,.25,5,0,0
1,60,2,0.05,5,0,0
1,60,2,.10,5,0,0
1,60,2,.15,5,0,0
1,60,2,.20,5,0,0
1,60,2,.25,5,0,0
1,60,3,0.05,5,0,0
1,60,3,.10,5,0,0
1,60,3,.15,5,0,0
1,60,3,.20,5,0,0
1,60,3,.25,5,0,0
1,60,4,0.05,5,0,0
1,60,4,.10,5,0,0
1,60,4,.15,5,0,0
1,60,4,.20,5,0,0
1,60,4,.25,5,0,0
1,60,5,0.05,5,0,0
1,60,5,.10,5,0,0
1,60,5,.15,5,0,0
1,60,5,.20,5,0,0
1,60,5,.25,5,0,0
1,70,1,0.05,1,0,0
1,70,1,.10,1,0,0
1,70,1,.15,1,0,0
1,70,1,.20,1,0,0
1,70,1,.25,1,0,0
1,70,2,0.05,1,0,0
1,70,2,.10,1,0,0
1,70,2,.15,1,0,0
1,70,2,.20,1,0,0
1,70,2,.25,1,0,0
1,70,3,0.05,1,0,0
1,70,3,.10,1,0,0
1,70,3,.15,1,0,0
1,70,3,.20,1,0,0
1,70,3,.25,1,0,0
1,70,4,0.05,1,0,0
1,70,4,.10,1,0,0
1,70,4,.15,1,0,0
1,70,4,.20,1,0,0
1,70,4,.25,1,0,0
1,70,5,0.05,1,0,0
1,70,5,.10,1,0,0
1,70,5,.15,1,0,0
1,70,5,.20,1,0,0
1,70,5,.25,1,0,0
1,70,1,0.05,2,0,0
1,70,1,.10,2,0,0
1,70,1,.15,2,0,0
1,70,1,.20,2,0,0
1,70,1,.25,2,0,0
1,70,2,0.05,2,0,0
1,70,2,.10,2,0,0
1,70,2,.15,2,0,0
1,70,2,.20,2,0,0
1,70,2,.25,2,0,0
1,70,3,0.05,2,0,0
1,70,3,.10,2,0,0
1,70,3,.15,2,0,0
1,70,3,.20,2,0,0
1,70,3,.25,2,0,0
1,70,4,0.05,2,0,0
1,70,4,.10,2,0,0
1,70,4,.15,2,0,0
1,70,4,.20,2,0,0
1,70,4,.25,2,0,0
1,70,5,0.05,2,0,0
1,70,5,.10,2,0,0
1,70,5,.15,2,0,0
1,70,5,.20,2,0,0
1,70,5,.25,2,0,0
1,70,1,0.05,3,0,0
1,70,1,.10,3,0,0
1,70,1,.15,3,0,0
1,70,1,.20,3,0,0
1,70,1,.25,3,0,0
1,70,2,0.05,3,0,0
1,70,2,.10,3,0,0
1,70,2,.15,3,0,0
1,70,2,.20,3,0,0
1,70,2,.25,3,0,0
1,70,3,0.05,3,0,0
1,70,3,.10,3,0,0
1,70,3,.15,3,0,0
1,70,3,.20,3,0,0
1,70,3,.25,3,0,0
1,70,4,0.05,3,0,0
1,70,4,.10,3,0,0
1,70,4,.15,3,0,0
1,70,4,.20,3,0,0
1,70,4,.25,3,0,0
1,70,5,0.05,3,0,0
1,70,5,.10,3,0,0
1,70,5,.15,3,0,0
1,70,5,.20,3,0,0
1,70,5,.25,3,0,0
1,70,1,0.05,4,0,0
1,70,1,.10,4,0,0
1,70,1,.15,4,0,0
1,70,1,.20,4,0,0
1,70,1,.25,4,0,0
1,70,2,0.05,4,0,0
1,70,2,.10,4,0,0
1,70,2,.15,4,0,0
1,70,2,.20,4,0,0
1,70,2,.25,4,0,0
1,70,3,0.05,4,0,0
1,70,3,.10,4,0,0
1,70,3,.15,4,0,0
1,70,3,.20,4,0,0
1,70,3,.25,4,0,0
1,70,4,0.05,4,0,0
1,70,4,.10,4,0,0
1,70,4,.15,4,0,0
1,70,4,.20,4,0,0
1,70,4,.25,4,0,0
1,70,5,0.05,4,0,0
1,70,5,.10,4,0,0
1,70,5,.15,4,0,0
1,70,5,.20,4,0,0
1,70,5,.25,4,0,0
1,70,1,0.05,5,0,0
1,70,1,.10,5,0,0
1,70,1,.15,5,0,0
1,70,1,.20,5,0,0
1,70,1,.25,5,0,0
1,70,2,0.05,5,0,0
1,70,2,.10,5,0,0
1,70,2,.15,5,0,0
1,70,2,.20,5,0,0
1,70,2,.25,5,0,0
1,70,3,0.05,5,0,0
1,70,3,.10,5,0,0
1,70,3,.15,5,0,0
1,70,3,.20,5,0,0
1,70,3,.25,5,0,0
1,70,4,0.05,5,0,0
1,70,4,.10,5,0,0
1,70,4,.15,5,0,0
1,70,4,.20,5,0,0
1,70,4,.25,5,0,0
1,70,5,0.05,5,0,0
1,70,5,.10,5,0,0
1,70,5,.15,5,0,0
1,70,5,.20,5,0,0
1,70,5,.25,5,0,0
1,80,1,0.05,1,0,0
1,80,1,.10,1,0,0
1,80,1,.15,1,0,0
1,80,1,.20,1,0,0
1,80,1,.25,1,0,0
1,80,2,0.05,1,0,0
1,80,2,.10,1,0,0
1,80,2,.15,1,0,0
1,80,2,.20,1,0,0
1,80,2,.25,1,0,0
1,80,3,0.05,1,0,0
1,80,3,.10,1,0,0
1,80,3,.15,1,0,0
1,80,3,.20,1,0,0
1,80,3,.25,1,0,0
1,80,4,0.05,1,0,0
1,80,4,.10,1,0,0
1,80,4,.15,1,0,0
1,80,4,.20,1,0,0
1,80,4,.25,1,0,0
1,80,5,0.05,1,0,0
1,80,5,.10,1,0,0
1,80,5,.15,1,0,0
1,80,5,.20,1,0,0
1,80,5,.25,1,0,0
1,80,1,0.05,2,0,0
1,80,1,.10,2,0,0
1,80,1,.15,2,0,0
1,80,1,.20,2,0,0
1,80,1,.25,2,0,0
1,80,2,0.05,2,0,0
1,80,2,.10,2,0,0
1,80,2,.15,2,0,0
1,80,2,.20,2,0,0
1,80,2,.25,2,0,0
1,80,3,0.05,2,0,0
1,80,3,.10,2,0,0
1,80,3,.15,2,0,0
1,80,3,.20,2,0,0
1,80,3,.25,2,0,0
1,80,4,0.05,2,0,0
1,80,4,.10,2,0,0
1,80,4,.15,2,0,0
1,80,4,.20,2,0,0
1,80,4,.25,2,0,0
1,80,5,0.05,2,0,0
1,80,5,.10,2,0,0
1,80,5,.15,2,0,0
1,80,5,.20,2,0,0
1,80,5,.25,2,0,0
1,80,1,0.05,3,0,0
1,80,1,.10,3,0,0
1,80,1,.15,3,0,0
1,80,1,.20,3,0,0
1,80,1,.25,3,0,0
1,80,2,0.05,3,0,0
1,80,2,.10,3,0,0
1,80,2,.15,3,0,0
1,80,2,.20,3,0,0
1,80,2,.25,3,0,0
1,80,3,0.05,3,0,0
1,80,3,.10,3,0,0
1,80,3,.15,3,0,0
1,80,3,.20,3,0,0
1,80,3,.25,3,0,0
1,80,4,0.05,3,0,0
1,80,4,.10,3,0,0
1,80,4,.15,3,0,0
1,80,4,.20,3,0,0
1,80,4,.25,3,0,0
1,80,5,0.05,3,0,0
1,80,5,.10,3,0,0
1,80,5,.15,3,0,0
1,80,5,.20,3,0,0
1,80,5,.25,3,0,0
1,80,1,0.05,4,0,0
1,80,1,.10,4,0,0
1,80,1,.15,4,0,0
1,80,1,.20,4,0,0
1,80,1,.25,4,0,0
1,80,2,0.05,4,0,0
1,80,2,.10,4,0,0
1,80,2,.15,4,0,0
1,80,2,.20,4,0,0
1,80,2,.25,4,0,0
1,80,3,0.05,4,0,0
1,80,3,.10,4,0,0
1,80,3,.15,4,0,0
1,80,3,.20,4,0,0
1,80,3,.25,4,0,0
1,80,4,0.05,4,0,0
1,80,4,.10,4,0,0
1,80,4,.15,4,0,0
1,80,4,.20,4,0,0
1,80,4,.25,4,0,0
1,80,5,0.05,4,0,0
1,80,5,.10,4,0,0
1,80,5,.15,4,0,0
1,80,5,.20,4,0,0
1,80,5,.25,4,0,0
1,80,1,0.05,5,0,0
1,80,1,.10,5,0,0
1,80,1,.15,5,0,0
1,80,1,.20,5,0,0
1,80,1,.25,5,0,0
1,80,2,0.05,5,0,0
1,80,2,.10,5,0,0
1,80,2,.15,5,0,0
1,80,2,.20,5,0,0
1,80,2,.25,5,0,0
1,80,3,0.05,5,0,0
1,80,3,.10,5,0,0
1,80,3,.15,5,0,0
1,80,3,.20,5,0,0
1,80,3,.25,5,0,0
1,80,4,0.05,5,0,0
1,80,4,.10,5,0,0
1,80,4,.15,5,0,0
1,80,4,.20,5,0,0
1,80,4,.25,5,0,0
1,80,5,0.05,5,0,0
1,80,5,.10,5,0,0
1,80,5,.15,5,0,0
1,80,5,.20,5,0,0
1,80,5,.25,5,0,0
