1,0.05,0,0
1,.10,0,0
1,.15,0,0
1,.20,0,0
1,.25,0,0
1,.30,0,0
1,.35,0,0
1,.40,0,0
1,.45,0,0
1,0.05,0,1
1,.10,0,1
1,.15,0,1
1,.20,0,1
1,.25,0,1
1,.30,0,1
1,.35,0,1
1,.40,0,1
1,.45,0,1
1,0.05,0,2
1,.10,0,2
1,.15,0,2
1,.20,0,2
1,.25,0,2
1,.30,0,2
1,.35,0,2
1,.40,0,2
1,.45,0,2
1,0.05,0,3
1,.10,0,3
1,.15,0,3
1,.20,0,3
1,.25,0,3
1,.30,0,3
1,.35,0,3
1,.40,0,3
1,.45,0,3
1,0.05,0,4
1,.10,0,4
1,.15,0,4
1,.20,0,4
1,.25,0,4
1,.30,0,4
1,.35,0,4
1,.40,0,4
1,.45,0,4
1,0.05,0,5
1,.10,0,5
1,.15,0,5
1,.20,0,5
1,.25,0,5
1,.30,0,5
1,.35,0,5
1,.40,0,5
1,.45,0,5
1,0.05,1,0
1,.10,1,0
1,.15,1,0
1,.20,1,0
1,.25,1,0
1,.30,1,0
1,.35,1,0
1,.40,1,0
1,.45,1,0
1,0.05,1,1
1,.10,1,1
1,.15,1,1
1,.20,1,1
1,.25,1,1
1,.30,1,1
1,.35,1,1
1,.40,1,1
1,.45,1,1
1,0.05,1,2
1,.10,1,2
1,.15,1,2
1,.20,1,2
1,.25,1,2
1,.30,1,2
1,.35,1,2
1,.40,1,2
1,.45,1,2
1,0.05,1,3
1,.10,1,3
1,.15,1,3
1,.20,1,3
1,.25,1,3
1,.30,1,3
1,.35,1,3
1,.40,1,3
1,.45,1,3
1,0.05,1,4
1,.10,1,4
1,.15,1,4
1,.20,1,4
1,.25,1,4
1,.30,1,4
1,.35,1,4
1,.40,1,4
1,.45,1,4
1,0.05,1,5
1,.10,1,5
1,.15,1,5
1,.20,1,5
1,.25,1,5
1,.30,1,5
1,.35,1,5
1,.40,1,5
1,.45,1,5
1,0.05,2,0
1,.10,2,0
1,.15,2,0
1,.20,2,0
1,.25,2,0
1,.30,2,0
1,.35,2,0
1,.40,2,0
1,.45,2,0
1,0.05,2,1
1,.10,2,1
1,.15,2,1
1,.20,2,1
1,.25,2,1
1,.30,2,1
1,.35,2,1
1,.40,2,1
1,.45,2,1
1,0.05,2,2
1,.10,2,2
1,.15,2,2
1,.20,2,2
1,.25,2,2
1,.30,2,2
1,.35,2,2
1,.40,2,2
1,.45,2,2
1,0.05,2,3
1,.10,2,3
1,.15,2,3
1,.20,2,3
1,.25,2,3
1,.30,2,3
1,.35,2,3
1,.40,2,3
1,.45,2,3
1,0.05,2,4
1,.10,2,4
1,.15,2,4
1,.20,2,4
1,.25,2,4
1,.30,2,4
1,.35,2,4
1,.40,2,4
1,.45,2,4
1,0.05,2,5
1,.10,2,5
1,.15,2,5
1,.20,2,5
1,.25,2,5
1,.30,2,5
1,.35,2,5
1,.40,2,5
1,.45,2,5
1,0.05,3,0
1,.10,3,0
1,.15,3,0
1,.20,3,0
1,.25,3,0
1,.30,3,0
1,.35,3,0
1,.40,3,0
1,.45,3,0
1,0.05,3,1
1,.10,3,1
1,.15,3,1
1,.20,3,1
1,.25,3,1
1,.30,3,1
1,.35,3,1
1,.40,3,1
1,.45,3,1
1,0.05,3,2
1,.10,3,2
1,.15,3,2
1,.20,3,2
1,.25,3,2
1,.30,3,2
1,.35,3,2
1,.40,3,2
1,.45,3,2
1,0.05,3,3
1,.10,3,3
1,.15,3,3
1,.20,3,3
1,.25,3,3
1,.30,3,3
1,.35,3,3
1,.40,3,3
1,.45,3,3
1,0.05,3,4
1,.10,3,4
1,.15,3,4
1,.20,3,4
1,.25,3,4
1,.30,3,4
1,.35,3,4
1,.40,3,4
1,.45,3,4
1,0.05,3,5
1,.10,3,5
1,.15,3,5
1,.20,3,5
1,.25,3,5
1,.30,3,5
1,.35,3,5
1,.40,3,5
1,.45,3,5
1,0.05,4,0
1,.10,4,0
1,.15,4,0
1,.20,4,0
1,.25,4,0
1,.30,4,0
1,.35,4,0
1,.40,4,0
1,.45,4,0
1,0.05,4,1
1,.10,4,1
1,.15,4,1
1,.20,4,1
1,.25,4,1
1,.30,4,1
1,.35,4,1
1,.40,4,1
1,.45,4,1
1,0.05,4,2
1,.10,4,2
1,.15,4,2
1,.20,4,2
1,.25,4,2
1,.30,4,2
1,.35,4,2
1,.40,4,2
1,.45,4,2
1,0.05,4,3
1,.10,4,3
1,.15,4,3
1,.20,4,3
1,.25,4,3
1,.30,4,3
1,.35,4,3
1,.40,4,3
1,.45,4,3
1,0.05,4,4
1,.10,4,4
1,.15,4,4
1,.20,4,4
1,.25,4,4
1,.30,4,4
1,.35,4,4
1,.40,4,4
1,.45,4,4
1,0.05,4,5
1,.10,4,5
1,.15,4,5
1,.20,4,5
1,.25,4,5
1,.30,4,5
1,.35,4,5
1,.40,4,5
1,.45,4,5
1,0.05,5,0
1,.10,5,0
1,.15,5,0
1,.20,5,0
1,.25,5,0
1,.30,5,0
1,.35,5,0
1,.40,5,0
1,.45,5,0
1,0.05,5,1
1,.10,5,1
1,.15,5,1
1,.20,5,1
1,.25,5,1
1,.30,5,1
1,.35,5,1
1,.40,5,1
1,.45,5,1
1,0.05,5,2
1,.10,5,2
1,.15,5,2
1,.20,5,2
1,.25,5,2
1,.30,5,2
1,.35,5,2
1,.40,5,2
1,.45,5,2
1,0.05,5,3
1,.10,5,3
1,.15,5,3
1,.20,5,3
1,.25,5,3
1,.30,5,3
1,.35,5,3
1,.40,5,3
1,.45,5,3
1,0.05,5,4
1,.10,5,4
1,.15,5,4
1,.20,5,4
1,.25,5,4
1,.30,5,4
1,.35,5,4
1,.40,5,4
1,.45,5,4
1,0.05,5,5
1,.10,5,5
1,.15,5,5
1,.20,5,5
1,.25,5,5
1,.30,5,5
1,.35,5,5
1,.40,5,5
1,.45,5,5
